file                              format  type  num_seqs     sum_len  min_len  avg_len  max_len    Q1   Q2    Q3  sum_gap  N50  Q20(%)  Q30(%)
04_Out/E02_T001_S001_R1.fastq.gz  FASTQ   DNA    166,452  24,135,540      145      145      145  72.5  145  72.5        0  145   98.74   96.61
04_Out/E02_T001_S002_R1.fastq.gz                       0           0        0        0        0     0    0     0        0    0       0       0
04_Out/E02_T001_S003_R1.fastq.gz                       0           0        0        0        0     0    0     0        0    0       0       0
04_Out/E02_T001_S004_R1.fastq.gz                       0           0        0        0        0     0    0     0        0    0       0       0
04_Out/E02_T001_S005_R1.fastq.gz                       0           0        0        0        0     0    0     0        0    0       0       0
04_Out/E02_T001_S006_R1.fastq.gz                       0           0        0        0        0     0    0     0        0    0       0       0
04_Out/E02_T001_S007_R1.fastq.gz                       0           0        0        0        0     0    0     0        0    0       0       0
04_Out/E02_T001_S008_R1.fastq.gz                       0           0        0        0        0     0    0     0        0    0       0       0
04_Out/E02_T001_S009_R1.fastq.gz                       0           0        0        0        0     0    0     0        0    0       0       0
04_Out/E02_T002_S001_R1.fastq.gz  FASTQ   DNA    116,003  16,820,435      145      145      145  72.5  145  72.5        0  145   98.87   96.86
04_Out/E02_T002_S002_R1.fastq.gz  FASTQ   DNA          2         290      145      145      145  72.5  145  72.5        0  145     100   98.97
04_Out/E02_T002_S003_R1.fastq.gz                       0           0        0        0        0     0    0     0        0    0       0       0
04_Out/E02_T002_S004_R1.fastq.gz  FASTQ   DNA          8       1,160      145      145      145  72.5  145  72.5        0  145   99.83   98.71
04_Out/E02_T002_S005_R1.fastq.gz  FASTQ   DNA        507      73,515      145      145      145  72.5  145  72.5        0  145   98.96   96.58
04_Out/E02_T002_S006_R1.fastq.gz                       0           0        0        0        0     0    0     0        0    0       0       0
04_Out/E02_T002_S007_R1.fastq.gz                       0           0        0        0        0     0    0     0        0    0       0       0
04_Out/E02_T002_S008_R1.fastq.gz                       0           0        0        0        0     0    0     0        0    0       0       0
04_Out/E02_T002_S009_R1.fastq.gz                       0           0        0        0        0     0    0     0        0    0       0       0
04_Out/E02_T003_S001_R1.fastq.gz  FASTQ   DNA    292,192  42,367,840      145      145      145  72.5  145  72.5        0  145   98.46   96.08
04_Out/E02_T003_S002_R1.fastq.gz                       0           0        0        0        0     0    0     0        0    0       0       0
04_Out/E02_T003_S003_R1.fastq.gz  FASTQ   DNA          4         580      145      145      145  72.5  145  72.5        0  145   99.83   94.83
04_Out/E02_T003_S004_R1.fastq.gz                       0           0        0        0        0     0    0     0        0    0       0       0
04_Out/E02_T003_S005_R1.fastq.gz                       0           0        0        0        0     0    0     0        0    0       0       0
04_Out/E02_T003_S006_R1.fastq.gz                       0           0        0        0        0     0    0     0        0    0       0       0
04_Out/E02_T003_S007_R1.fastq.gz  FASTQ   DNA         21       3,045      145      145      145  72.5  145  72.5        0  145   98.69   95.83
04_Out/E02_T003_S008_R1.fastq.gz                       0           0        0        0        0     0    0     0        0    0       0       0
04_Out/E02_T003_S009_R1.fastq.gz  FASTQ   DNA        740     107,300      145      145      145  72.5  145  72.5        0  145   97.77   94.21
04_Out/E02_T004_S001_R1.fastq.gz  FASTQ   DNA    342,623  49,680,335      145      145      145  72.5  145  72.5        0  145    98.5   96.15
04_Out/E02_T004_S002_R1.fastq.gz  FASTQ   DNA         94      13,630      145      145      145  72.5  145  72.5        0  145   99.63   97.51
04_Out/E02_T004_S003_R1.fastq.gz  FASTQ   DNA         94      13,630      145      145      145  72.5  145  72.5        0  145   99.17   97.09
04_Out/E02_T004_S004_R1.fastq.gz  FASTQ   DNA        308      44,660      145      145      145  72.5  145  72.5        0  145    99.2   97.52
04_Out/E02_T004_S005_R1.fastq.gz                       0           0        0        0        0     0    0     0        0    0       0       0
04_Out/E02_T004_S006_R1.fastq.gz  FASTQ   DNA          1         145      145      145      145  72.5  145  72.5        0  145     100   98.62
04_Out/E02_T004_S007_R1.fastq.gz  FASTQ   DNA        291      42,195      145      145      145  72.5  145  72.5        0  145   98.58    96.4
04_Out/E02_T004_S008_R1.fastq.gz                       0           0        0        0        0     0    0     0        0    0       0       0
04_Out/E02_T004_S009_R1.fastq.gz                       0           0        0        0        0     0    0     0        0    0       0       0
04_Out/E02_T005_S001_R1.fastq.gz  FASTQ   DNA    308,185  44,686,825      145      145      145  72.5  145  72.5        0  145   98.52   96.34
04_Out/E02_T005_S002_R1.fastq.gz  FASTQ   DNA         99      14,355      145      145      145  72.5  145  72.5        0  145   99.05   96.91
04_Out/E02_T005_S003_R1.fastq.gz  FASTQ   DNA         74      10,730      145      145      145  72.5  145  72.5        0  145   98.64   96.17
04_Out/E02_T005_S004_R1.fastq.gz  FASTQ   DNA        307      44,515      145      145      145  72.5  145  72.5        0  145   99.37   97.85
04_Out/E02_T005_S005_R1.fastq.gz                       0           0        0        0        0     0    0     0        0    0       0       0
04_Out/E02_T005_S006_R1.fastq.gz                       0           0        0        0        0     0    0     0        0    0       0       0
04_Out/E02_T005_S007_R1.fastq.gz  FASTQ   DNA        338      49,010      145      145      145  72.5  145  72.5        0  145   98.99    96.9
04_Out/E02_T005_S008_R1.fastq.gz                       0           0        0        0        0     0    0     0        0    0       0       0
04_Out/E02_T005_S009_R1.fastq.gz                       0           0        0        0        0     0    0     0        0    0       0       0
04_Out/E02_T006_S001_R1.fastq.gz  FASTQ   DNA    362,285  52,531,325      145      145      145  72.5  145  72.5        0  145   98.45   96.14
04_Out/E02_T006_S002_R1.fastq.gz  FASTQ   DNA         84      12,180      145      145      145  72.5  145  72.5        0  145   99.13    96.6
04_Out/E02_T006_S003_R1.fastq.gz  FASTQ   DNA        132      19,140      145      145      145  72.5  145  72.5        0  145   99.33   97.51
04_Out/E02_T006_S004_R1.fastq.gz  FASTQ   DNA        351      50,895      145      145      145  72.5  145  72.5        0  145   98.84   96.93
04_Out/E02_T006_S005_R1.fastq.gz                       0           0        0        0        0     0    0     0        0    0       0       0
04_Out/E02_T006_S006_R1.fastq.gz                       0           0        0        0        0     0    0     0        0    0       0       0
04_Out/E02_T006_S007_R1.fastq.gz  FASTQ   DNA        447      64,815      145      145      145  72.5  145  72.5        0  145    98.7   96.45
04_Out/E02_T006_S008_R1.fastq.gz                       0           0        0        0        0     0    0     0        0    0       0       0
04_Out/E02_T006_S009_R1.fastq.gz                       0           0        0        0        0     0    0     0        0    0       0       0
04_Out/E02_T007_S001_R1.fastq.gz  FASTQ   DNA    139,790  20,269,550      145      145      145  72.5  145  72.5        0  145   98.55   96.24
04_Out/E02_T007_S002_R1.fastq.gz                       0           0        0        0        0     0    0     0        0    0       0       0
04_Out/E02_T007_S003_R1.fastq.gz                       0           0        0        0        0     0    0     0        0    0       0       0
04_Out/E02_T007_S004_R1.fastq.gz                       0           0        0        0        0     0    0     0        0    0       0       0
04_Out/E02_T007_S005_R1.fastq.gz                       0           0        0        0        0     0    0     0        0    0       0       0
04_Out/E02_T007_S006_R1.fastq.gz                       0           0        0        0        0     0    0     0        0    0       0       0
04_Out/E02_T007_S007_R1.fastq.gz                       0           0        0        0        0     0    0     0        0    0       0       0
04_Out/E02_T007_S008_R1.fastq.gz                       0           0        0        0        0     0    0     0        0    0       0       0
04_Out/E02_T007_S009_R1.fastq.gz                       0           0        0        0        0     0    0     0        0    0       0       0
04_Out/E02_T008_S001_R1.fastq.gz  FASTQ   DNA    192,318  27,886,110      145      145      145  72.5  145  72.5        0  145   98.85   96.85
04_Out/E02_T008_S002_R1.fastq.gz  FASTQ   DNA        233      33,785      145      145      145  72.5  145  72.5        0  145   99.52   98.04
04_Out/E02_T008_S003_R1.fastq.gz  FASTQ   DNA         18       2,610      145      145      145  72.5  145  72.5        0  145   92.15   90.54
04_Out/E02_T008_S004_R1.fastq.gz  FASTQ   DNA         97      14,065      145      145      145  72.5  145  72.5        0  145   98.83   96.84
04_Out/E02_T008_S005_R1.fastq.gz  FASTQ   DNA        529      76,705      145      145      145  72.5  145  72.5        0  145   99.52   98.27
04_Out/E02_T008_S006_R1.fastq.gz                       0           0        0        0        0     0    0     0        0    0       0       0
04_Out/E02_T008_S007_R1.fastq.gz  FASTQ   DNA         32       4,640      145      145      145  72.5  145  72.5        0  145   98.94   96.19
04_Out/E02_T008_S008_R1.fastq.gz                       0           0        0        0        0     0    0     0        0    0       0       0
04_Out/E02_T008_S009_R1.fastq.gz  FASTQ   DNA        346      50,170      145      145      145  72.5  145  72.5        0  145   98.58   95.53
04_Out/E02_T009_S001_R1.fastq.gz  FASTQ   DNA     98,713  14,313,385      145      145      145  72.5  145  72.5        0  145   98.66   96.48
04_Out/E02_T009_S002_R1.fastq.gz                       0           0        0        0        0     0    0     0        0    0       0       0
04_Out/E02_T009_S003_R1.fastq.gz  FASTQ   DNA        216      31,320      145      145      145  72.5  145  72.5        0  145   99.15   97.61
04_Out/E02_T009_S004_R1.fastq.gz                       0           0        0        0        0     0    0     0        0    0       0       0
04_Out/E02_T009_S005_R1.fastq.gz                       0           0        0        0        0     0    0     0        0    0       0       0
04_Out/E02_T009_S006_R1.fastq.gz                       0           0        0        0        0     0    0     0        0    0       0       0
04_Out/E02_T009_S007_R1.fastq.gz  FASTQ   DNA        475      68,875      145      145      145  72.5  145  72.5        0  145      99   97.24
04_Out/E02_T009_S008_R1.fastq.gz                       0           0        0        0        0     0    0     0        0    0       0       0
04_Out/E02_T009_S009_R1.fastq.gz  FASTQ   DNA        301      43,645      145      145      145  72.5  145  72.5        0  145      99   96.71
04_Out/E02_T010_S001_R1.fastq.gz  FASTQ   DNA    375,118  54,392,110      145      145      145  72.5  145  72.5        0  145    98.4      96
04_Out/E02_T010_S002_R1.fastq.gz  FASTQ   DNA        117      16,965      145      145      145  72.5  145  72.5        0  145   97.67   94.22
04_Out/E02_T010_S003_R1.fastq.gz  FASTQ   DNA        122      17,690      145      145      145  72.5  145  72.5        0  145   98.38   96.29
04_Out/E02_T010_S004_R1.fastq.gz  FASTQ   DNA        269      39,005      145      145      145  72.5  145  72.5        0  145    98.9    96.4
04_Out/E02_T010_S005_R1.fastq.gz  FASTQ   DNA      9,024   1,308,480      145      145      145  72.5  145  72.5        0  145   98.16   94.69
04_Out/E02_T010_S006_R1.fastq.gz                       0           0        0        0        0     0    0     0        0    0       0       0
04_Out/E02_T010_S007_R1.fastq.gz  FASTQ   DNA        329      47,705      145      145      145  72.5  145  72.5        0  145   99.31   97.95
04_Out/E02_T010_S008_R1.fastq.gz  FASTQ   DNA          2         290      145      145      145  72.5  145  72.5        0  145   96.55   89.31
04_Out/E02_T010_S009_R1.fastq.gz  FASTQ   DNA          1         145      145      145      145  72.5  145  72.5        0  145     100   99.31
04_Out/E02_T011_S001_R1.fastq.gz  FASTQ   DNA    422,345  61,240,025      145      145      145  72.5  145  72.5        0  145   98.39   96.03
04_Out/E02_T011_S002_R1.fastq.gz  FASTQ   DNA        151      21,895      145      145      145  72.5  145  72.5        0  145   98.87   96.55
04_Out/E02_T011_S003_R1.fastq.gz  FASTQ   DNA        150      21,750      145      145      145  72.5  145  72.5        0  145   98.51   96.31
04_Out/E02_T011_S004_R1.fastq.gz  FASTQ   DNA        404      58,580      145      145      145  72.5  145  72.5        0  145   99.01    97.4
04_Out/E02_T011_S005_R1.fastq.gz  FASTQ   DNA     14,684   2,129,180      145      145      145  72.5  145  72.5        0  145   99.02   96.74
04_Out/E02_T011_S006_R1.fastq.gz  FASTQ   DNA          7       1,015      145      145      145  72.5  145  72.5        0  145   97.34   94.29
04_Out/E02_T011_S007_R1.fastq.gz  FASTQ   DNA        462      66,990      145      145      145  72.5  145  72.5        0  145   98.61   96.49
04_Out/E02_T011_S008_R1.fastq.gz  FASTQ   DNA         11       1,595      145      145      145  72.5  145  72.5        0  145   98.18   96.93
04_Out/E02_T011_S009_R1.fastq.gz                       0           0        0        0        0     0    0     0        0    0       0       0
04_Out/E02_T012_S001_R1.fastq.gz  FASTQ   DNA    332,784  48,253,680      145      145      145  72.5  145  72.5        0  145   98.43   96.05
04_Out/E02_T012_S002_R1.fastq.gz  FASTQ   DNA         90      13,050      145      145      145  72.5  145  72.5        0  145   98.74   96.48
04_Out/E02_T012_S003_R1.fastq.gz  FASTQ   DNA        156      22,620      145      145      145  72.5  145  72.5        0  145    97.6   95.01
04_Out/E02_T012_S004_R1.fastq.gz  FASTQ   DNA        270      39,150      145      145      145  72.5  145  72.5        0  145    99.2   97.38
04_Out/E02_T012_S005_R1.fastq.gz                       0           0        0        0        0     0    0     0        0    0       0       0
04_Out/E02_T012_S006_R1.fastq.gz  FASTQ   DNA          4         580      145      145      145  72.5  145  72.5        0  145     100     100
04_Out/E02_T012_S007_R1.fastq.gz  FASTQ   DNA        356      51,620      145      145      145  72.5  145  72.5        0  145   98.43    95.7
04_Out/E02_T012_S008_R1.fastq.gz  FASTQ   DNA          2         290      145      145      145  72.5  145  72.5        0  145     100   98.62
04_Out/E02_T012_S009_R1.fastq.gz  FASTQ   DNA      5,714     828,530      145      145      145  72.5  145  72.5        0  145   98.82   96.37
